0.1
38
4
128
4480
-2220
2596
0
4278190080
6400
128
-2220
-3803
0
4278190080
6400
128
2132
-3803
0
4278190080
128
4480
-2220
-1944
0
4278190080
-1990
-2052
1991
-2057
-1831
4294965291
32
2560
-1167
-1967
0
4278190080
32
2304
-1026
-1995
0
4278190080
32
2048
-901
-2023
0
4278190080
32
1792
-764
-2055
0
4278190080
32
1536
-636
-2086
0
4278190080
32
1280
-511
-2118
0
4278190080
32
1024
-389
-2146
0
4278190080
32
768
-265
-2178
0
4278190080
32
512
-133
-2206
0
4278190080
32
256
-5
-2234
0
4278190080
128
4480
-2220
566
0
4278190080
32
1280
-2095
535
0
4278190080
32
1280
852
535
0
4278190080
32
1152
-2097
503
0
4278190080
32
1152
980
503
0
4278190080
32
1024
-2093
471
0
4278190080
32
1024
1110
471
0
4278190080
32
896
-2098
442
0
4278190080
32
896
1242
439
0
4278190080
32
768
-2096
411
0
4278190080
32
768
1366
408
0
4278190080
32
640
-2094
383
0
4278190080
32
640
1495
378
0
4278190080
32
512
-2096
351
0
4278190080
32
512
1621
346
0
4278190080
32
1024
-532
536
0
4278190080
32
896
-464
508
0
4278190080
32
768
-397
476
0
4278190080
32
640
-326
448
0
4278190080
32
512
-262
416
0
4278190080
32
384
-191
388
0
4278190080
32
256
-120
359
0
4278190080
32
128
-56
328
0
4278190080
1994
-2050
-2014
-2045
-1270
-2560
1450
-2490
-1831
-2076
4278255615
53
-1831
-2140
4278255615
53
-1844
-2203
4278255615
53
-1907
-2203
4278255615
53
-1971
-2203
4278255615
53
-2034
-2203
4278255615
53
-2096
-2203
4278255615
53
-1780
-2013
4278255615
53
-1716
-2007
4278255615
53
-1770
-2076
4278255615
53
-1716
-2071
4278255615
53
-1767
-2140
4278255615
53
-1716
-2135
4278255615
53
-1780
-2203
4278255615
53
-1716
-2198
4278255615
53
2074
-2203
4278255615
53
2014
-2203
4278255615
53
1957
-2203
4278255615
53
1896
-2203
4278255615
53
1838
-2203
4278255615
53
-1288
-2435
4278255615
53
-1352
-2435
4278255615
1
-1415
-2435
4278255615
0
-1224
-2435
4278255615
53
-1160
-2435
4278255615
53
-1160
-2498
4278255615
53
-1160
-2562
4278255615
53
1574
-2391
4278255615
53
1511
-2391
4278255615
53
1447
-2391
4278255615
53
1385
-2391
4278255615
53
1322
-2391
4278255615
53
1322
-2452
4278255615
53
1322
-2516
4278255615
53
