0.283295
31
5
1260
84
-1834
-578
0
4284769535
1260
84
1442
-599
0
4284769535
84
420
-1750
445
0
4278190080
84
420
1022
431
0
4278190080
420
420
-358
-35
0
3368615714
84
3360
-1834
643
0
4284769535
252
252
1190
-47
0
4291348735
252
252
-1750
-43
0
4291348735
84
840
-1263
202
0
4278190080
84
840
131
195
0
4278190080
21
840
-1256
-259
0
4278190080
21
840
116
-263
0
4278190080
42
420
-1812
-383
0
4284769535
42
420
1024
-400
0
4284769535
84
588
-456
-687
0
4278190080
21
672
-1172
-279
0
4278190080
21
672
211
-282
0
4278190080
21
504
-1088
-300
0
4278190080
21
504
291
-302
0
4278190080
21
336
-1007
-321
0
4278190080
21
336
374
-322
0
4278190080
21
336
338
-158
0
4278190335
21
336
338
-158
0
4278190080
21
168
-925
-340
0
4278190080
21
168
456
-341
0
4278190080
21
63
-868
-361
0
4278190080
21
63
512
-362
0
4278190080
42
252
-683
-516
0
4278190080
42
252
96
-525
0
4278190080
420
84
-1834
-995
0
4284769535
420
84
1442
-1017
0
4284769535
-1704
561
1363
559
1367
-499
-1679
-463
-183
-767
-195
-366
4278255615
10000
