0.1
78
1
146
10950
-4235
1887
0
4279552020
2920
146
-4235
-1031
0
4279552020
2920
146
-1731
-1033
0
4279552020
73
438
-3577
1636
0
4279552020
73
438
-3021
1363
0
4279552020
73
438
-2170
847
0
4279552020
73
438
-2424
1102
0
4279552020
73
438
-2772
604
0
4279552020
73
438
-3474
389
0
4279552020
73
438
-4099
127
0
4279552020
73
438
-3578
-154
0
4279552020
73
438
-2809
-363
0
4279552020
73
438
-2168
-629
0
4279552020
73
438
-2828
-875
0
4279552020
73
438
-2023
-1105
0
4279552020
146
10950
-4235
-1573
0
4279552020
438
146
-4235
-1438
0
4279552020
2920
146
1109
-1427
0
4279552020
109
584
-1586
-1104
0
4279552020
2920
146
4097
-1020
0
4279552020
73
730
1755
1624
0
4279552020
73
730
3075
1604
0
4279552020
73
730
2405
1304
0
4279552020
73
730
1465
1034
0
4279552020
73
730
3175
1014
0
4279552020
73
730
2375
764
0
4279552020
73
730
3235
484
0
4279552020
73
730
2435
224
0
4279552020
73
730
1665
-16
0
4279552020
73
730
1265
-256
0
4279552020
73
730
2225
-526
0
4279552020
73
730
3513
-1092
0
4279552020
73
584
3068
-826
0
4279552020
1460
146
6569
427
0
4279552020
1460
146
6569
-1427
0
4279552020
730
146
4838
-1427
0
4279552020
730
146
4847
-205
0
4279552020
730
146
4867
1175
0
4279552020
43
292
4577
1531
0
4279552020
43
438
4360
1702
0
4279552020
43
292
4140
1312
0
4279552020
43
292
4741
1139
0
4279552020
43
292
4628
-159
0
4279552020
43
292
4230
290
0
4279552020
43
292
4591
-1023
0
4279552020
36
73
6499
447
0
4279552020
36
73
6433
474
0
4279552020
36
73
6367
510
0
4279552020
36
73
6298
546
0
4279552020
36
73
6229
576
0
4279552020
36
73
6160
606
0
4279552020
36
73
6091
636
0
4279552020
36
73
6018
669
0
4279552020
36
73
5943
700
0
4279552020
36
73
5868
730
0
4279552020
36
73
5796
760
0
4279552020
36
73
5724
793
0
4279552020
36
73
5655
823
0
4279552020
36
73
5586
853
0
4279552020
36
73
5517
880
0
4279552020
36
73
5454
913
0
4279552020
36
73
5385
943
0
4279552020
36
73
5316
976
0
4279552020
36
73
5253
1006
0
4279552020
36
73
5184
1042
0
4279552020
36
73
5112
1075
0
4279552020
36
73
5043
1105
0
4279552020
36
73
5004
1126
0
4279552020
36
73
6364
-1248
0
4279552020
36
73
6558
425
0
4279552020
73
292
-1467
1281
0
4279552020
73
292
-567
1272
0
4279552020
73
292
238
1264
0
4279552020
73
292
821
1264
0
4279552020
73
292
-1501
-896
0
4279552020
73
292
1361
-1307
0
4279552020
64
128
2253
1518
0
4279552020
64
128
-3944
-322
0
4279552020
-3949
1724
-3392
1428
4278255615
1
-3850
779
4278255615
1
-2061
1488
4278255615
1
-1951
501
4278255615
1
-3026
42
4278255615
1
-3779
-983
4278255615
1
-1859
-775
4278255615
1
-1946
-1288
4278255615
1
