0.28324
31
1
100
10000
-4740
2570
0
4278190080
1000
50
-4750
1660
0
4278190080
1000
50
5200
1660
0
4278190080
200
200
-4269
2404
0
4278190080
200
200
-3908
2410
0
4278190080
200
200
-3914
2091
0
4278190080
200
200
-3571
2067
0
4278190080
200
200
-3331
2374
0
4278190080
200
200
-3054
2061
0
4278190080
200
200
-2783
2374
0
4278190080
200
200
-2441
2055
0
4278190080
200
200
-2158
2398
0
4278190080
200
200
-1792
2025
0
4278190080
200
200
-1431
2386
0
4278190080
200
200
-1100
2019
0
4278190080
200
200
-781
2392
0
4278190080
200
200
-535
2025
0
4278190080
100
300
200
2330
0
4278190080
100
300
500
2120
0
4278190080
100
300
760
1910
0
4278190080
100
300
1030
1680
0
4278190080
100
300
1320
1500
0
4278190080
100
300
1690
1660
0
4278190080
100
300
2170
1660
0
4278190080
100
300
2460
1860
0
4278190080
100
300
2740
2080
0
4278190080
300
300
4930
2420
0
4278190080
300
300
3950
2420
0
4278190080
300
300
4400
2000
0
4278190080
300
300
4910
1650
0
4278190080
300
300
1640
2290
0
4278190080
-4605
2467
-3855
2318
3368550400
500
-3237
2198
3368550400
500
-2694
2093
3368550400
500
-2009
2283
3356805320
500
-1431
2288
4278255615
500
-1008
2462
4278255615
500
-465
1904
4278255615
500
328
2492
4278255615
500
1617
2173
4278255615
500
934
1824
4278255615
500
1453
1117
4278255615
500
2614
1745
4278255615
500
3361
2437
4278255615
500
4064
2123
4278255615
500
4761
2432
4278255615
500
5155
1530
4278255615
500
