0.707517
30
1
100
5000
-2720
2360
0
4278190080
3000
100
-2720
-540
0
4278190080
3000
100
2180
-570
0
4278190080
50
200
-2260
2217
0
4278190080
50
200
-1910
2129
0
4278190080
50
200
-1522
2136
0
4278190080
50
200
-1275
2242
0
4278190080
50
200
-1012
2154
0
4278190080
50
200
-758
2239
0
4278190080
50
200
-550
2136
0
4278190080
50
200
-358
2048
0
4278190080
50
200
-189
1967
0
4278190080
50
200
-10
2041
0
4278190080
50
200
176
2133
0
4278190080
50
200
359
2210
0
4278190080
50
200
567
2129
0
4278190080
50
200
730
2045
0
4278190080
50
200
885
1967
0
4278190080
100
100
1384
2136
0
4278190080
100
100
1596
1935
0
4278190080
100
100
1786
2105
0
4278190080
100
100
2012
1932
0
4278190080
100
100
1792
1682
0
4278190080
50
300
1417
1532
0
4278190080
50
300
1732
1352
0
4278190080
50
300
1934
1172
0
4278190080
50
300
1582
1030
0
4278190080
50
300
1214
872
0
4278190080
50
300
892
1030
0
4278190080
100
500
949
1963
0
4278190080
-2546
2277
-1480
2050
4278255615
500
-132
2142
4278255615
500
-1989
2267
4278255615
500
-782
1851
4278255615
500
-2511
2078
4278255615
500
440
1881
4278255615
500
1591
2121
4278255615
500
1805
1894
4278255615
500
1526
1385
4278255615
500
992
914
4278255615
500
