0.436136
29
1
100
7000
-3670
2370
0
4278190080
1000
50
-3670
1390
0
4278190080
1000
50
3280
1420
0
4278190080
100
100
-3165
2021
0
4278190080
100
100
-2929
2021
0
4278190080
100
100
-2693
2029
0
4278190080
100
100
-3036
1772
0
4278190080
100
100
-2775
1755
0
4278190080
100
100
-2925
1537
0
4278190080
100
100
-1837
2273
0
4278190080
100
100
-1546
2273
0
4278190080
100
100
-1204
2282
0
4278190080
100
100
-1375
2059
0
4278190080
100
100
-1688
2034
0
4278190080
100
100
-1529
1828
0
4278190080
100
100
-671
1888
0
4278190080
100
100
-452
1896
0
4278190080
300
300
-70
2180
0
4278190080
300
300
420
1990
0
4278190080
300
300
970
2140
0
4278190080
300
300
1370
1890
0
4278190080
200
200
3090
2190
0
4278190080
200
200
2800
2190
0
4278190080
200
200
2960
1850
0
4278190080
200
200
3090
1540
0
4278190080
200
200
-10
1380
0
4278190080
200
200
-3320
2240
0
4278190080
100
100
2720
1930
0
4278190080
100
100
2900
1610
0
4278190080
-3570
2230
-3017
2049
4278255615
1000
-2888
1800
4278255615
1000
-2878
1460
4278255615
1000
-1675
2269
4278255615
1000
-1355
2254
4278255615
1000
523
2289
4278255615
1000
1297
2239
4278255615
1000
1496
1795
4278255615
1000
2174
2089
4278255615
1000
3002
2264
4278255615
1000
3197
1765
4278255615
1000
3267
1311
4278255615
1000
