0.1
49
1
100
3000
-1970
2260
0
4278190080
5000
100
-1980
-2660
0
4278190080
5000
100
930
-2670
0
4278190080
50
200
740
2048
0
4278190080
50
200
491
1906
0
4278190080
50
200
242
1777
0
4278190080
50
200
-15
1636
0
4278190080
50
200
-264
1520
0
4278190080
50
200
-491
1391
0
4278190080
50
200
-714
1288
0
4278190080
50
200
-912
1181
0
4278190080
50
200
-1131
1056
0
4278190080
50
200
-1349
932
0
4278190080
50
200
-1564
842
0
4278190080
50
200
-1740
739
0
4278190080
50
200
-1899
610
0
4278190080
50
200
-1684
486
0
4278190080
50
200
-1397
494
0
4278190080
50
200
-1101
498
0
4278190080
50
200
-774
503
0
4278190080
50
200
-517
498
0
4278190080
50
200
-264
498
0
4278190080
50
200
10
498
0
4278190080
50
200
276
486
0
4278190080
50
200
508
589
0
4278190080
50
200
744
473
0
4278190080
50
200
534
300
0
4278190080
50
200
302
167
0
4278190080
50
200
104
60
0
4278190080
50
200
-139
-42
0
4278190080
50
200
-337
-175
0
4278190080
50
200
-525
-265
0
4278190080
50
200
-701
-364
0
4278190080
50
200
-950
-470
0
4278190080
50
200
-1260
-570
0
4278190080
50
200
-1480
-660
0
4278190080
50
200
-1660
-740
0
4278190080
50
200
-1840
-850
0
4278190080
50
200
-1580
-950
0
4278190080
50
200
-1300
-1010
0
4278190080
200
200
-1580
2130
0
4278190080
200
200
-1170
2140
0
4278190080
200
200
-1370
1680
0
4278190080
200
200
-830
1850
0
4278190080
200
200
-480
2150
0
4278190080
200
200
-890
-1040
0
4278190080
200
200
-520
-1040
0
4278190080
200
200
140
2170
0
4278190080
200
200
-180
-1040
0
4278190080
-1790
2130
-1480
2030
4278255615
1000
-978
1913
4278255615
1000
-658
2167
4278255615
1000
480
2100
4278255615
500
330
1500
4278255615
1000
-210
1240
4278255615
1000
-1050
820
4278255615
1000
-890
290
4278255615
1000
-1710
320
4278255615
1000
-30
350
4278255615
1000
590
480
4278255615
200
520
-60
4278255615
1000
-170
-400
4278255615
1000
-1780
-1000
4278255615
1000
-100
-1180
4278255615
500
-950
-640
4278255615
500
-990
-1150
4278255615
500
-630
-930
4278255615
500
